0
0.001
0.001
0.001
0.002
0.002
0.002
0.002
0.002
0.002
0.003
0.003
0.004
0.005
0.006
0.006
0.008
0.009
0.012
0.014
0.015
0.015
0.015
0.016
0.016
0.017
0.019
0.02
0.024
0.028
0.028
0.031
0.032
0.034
0.035
0.037
0.037
0.038
0.04
0.043
0.044
0.048
0.051
0.052
0.052
0.052
0.054
0.058
0.062
0.078
0.084
0.089
0.09
0.094
0.095
0.098
0.101
0.102
0.104
0.105
0.114
0.116
0.12
0.121
0.124
0.124
0.132
0.14
0.15
0.153
0.157
0.165
0.166
0.167
0.167
0.173
0.175
0.182
0.186
0.189
0.189
0.205
0.207
0.208
0.209
0.212
0.214
0.231
0.234
0.242
0.251
0.251
0.253
0.256
0.271
0.276
0.278
0.286
0.293
0.296
0.32
0.335
0.335
0.361
0.375
0.384
0.388
0.392
0.408
0.411
0.414
0.427
0.427
0.428
0.429
0.432
0.434
0.439
0.442
0.453
0.461
0.474
0.495
0.5
0.504
0.511
0.531
0.532
0.534
0.538
0.562
0.584
0.588
0.596
0.596
0.601
0.625
0.645
0.668
0.689
0.696
0.696
0.712
0.723
0.737
0.747
0.762
0.764
0.824
0.864
0.869
0.87
0.887
0.904
0.906
0.913
0.948
0.95
0.958
0.961
0.974
0.985
0.99
1.013
1.051
1.053
1.055
1.069
1.095
1.107
1.13
1.145
1.162
1.17
1.232
1.282
1.306
1.386
1.395
1.425
1.462
1.496
1.499
1.561
1.587
1.593
1.674
1.728
1.786
1.796
1.804
1.822
1.845
1.856
1.901
2.017
2.081
2.126
2.147
2.188
2.232
2.263
2.282
2.299
2.318
2.349
2.372
2.399
2.429
2.484
2.537
2.636
2.752
2.864
3.064
3.237
3.625
3.752
3.87
4.03
4.128
4.18
4.384
4.424
5.12
5.276
5.458
5.611
7.746
9.514
