0.005
0.006
0.009
0.014
0.016
0.023
0.029
0.03
0.042
0.05
0.052
0.055
0.074
0.093
0.096
0.103
0.109
0.11
0.119
0.121
0.131
0.141
0.144
0.167
0.171
0.193
0.206
0.225
0.247
0.254
0.27
0.283
0.284
0.286
0.295
0.302
0.331
0.337
0.339
0.368
0.376
0.38
0.386
0.419
0.453
0.474
0.491
0.518
0.524
0.526
0.547
0.547
0.564
0.57
0.585
0.596
0.617
0.623
0.64
0.659
0.731
0.754
0.771
0.825
0.875
0.881
0.887
0.909
0.929
0.971
0.998
1.005
1.06
1.085
1.148
1.186
1.217
1.229
1.259
1.272
1.294
1.315
1.333
1.354
1.369
1.427
1.484
1.506
1.511
1.612
1.633
1.645
1.668
1.681
1.744
1.778
1.867
1.917
2.129
2.262
2.269
2.411
2.431
2.566
3.114
3.245
3.401
3.694
3.75
5.581
