-5.328
-4.432
-4.262
-2.624
-2.499
-2.208
-2.154
-2.116
-2.106
-2.036
-1.785
-1.676
-1.668
-1.611
-1.567
-1.501
-1.388
-1.382
-1.365
-1.353
-1.265
-1.179
-1.141
-1.124
-1.056
-1.055
-1.052
-1.046
-1.036
-1.01
-0.94
-0.889
-0.822
-0.816
-0.811
-0.728
-0.715
-0.666
-0.618
-0.557
-0.527
-0.471
-0.47
-0.461
-0.438
-0.419
-0.398
-0.376
-0.314
-0.309
-0.305
-0.278
-0.277
-0.249
-0.231
-0.207
-0.17
-0.153
-0.119
-0.094
-0.058
-0.044
-0.026
-0.022
-0.022
-0.018
-0.008
0.013
0.067
0.072
0.092
0.132
0.153
0.174
0.19
0.249
0.324
0.35
0.401
0.418
0.46
0.465
0.503
0.521
0.525
0.536
0.553
0.599
0.615
0.629
0.664
0.696
0.738
0.763
0.803
0.826
0.829
0.836
0.881
0.889
0.924
0.94
0.941
0.952
0.962
0.988
0.993
1.024
1.257
1.327
1.462
1.51
1.58
1.609
1.723
1.816
1.832
1.842
1.918
1.962
2.586
2.72
3.854
4.33
4.36
