-2.309
-1.967
-1.687
-1.549
-1.265
-1.265
-1.221
-1.138
-1.123
-1.072
-1.068
-1.026
-1.026
-1.019
-0.729
-0.709
-0.695
-0.688
-0.687
-0.628
-0.625
-0.6
-0.56
-0.556
-0.502
-0.491
-0.473
-0.467
-0.446
-0.403
-0.38
-0.371
-0.333
-0.326
-0.306
-0.295
-0.285
-0.236
-0.23
-0.226
-0.22
-0.218
-0.208
-0.139
-0.083
-0.062
-0.043
-0.029
0.006
0.053
0.071
0.111
0.124
0.129
0.153
0.181
0.216
0.239
0.253
0.304
0.332
0.36
0.38
0.385
0.401
0.426
0.435
0.448
0.461
0.498
0.548
0.554
0.585
0.644
0.689
0.701
0.78
0.822
0.838
0.878
0.895
0.922
0.994
1.006
1.026
1.097
1.149
1.208
1.224
1.254
1.361
1.369
1.516
1.533
1.559
1.715
1.787
2.05
2.169
2.187
